War time Quicklist (Shadow Phoenix's QL @ 07-Jun-2020 with The Crazy Peacemakers explicitly excluded).
Last updated: Mon  8 Jun 11:17:40 UTC 2020

d;m;t;r;;e;;;;;;;;157,859,27,51,766,894,805,948,11,1039,349,6;165768,190081,226209,221588,15950,195767,234431,146592,56153,241829,227260,191551,91591,226233,187852,126240,200840,246384,248974,197136,15978,108654,187604,183399,240662,179984,143862,253628,254682,228518,208010,253237,135427;;;;;96,42,851,461,329,2,983,31,937,34,1083,538,1098,659,944,411,141,426,185,7,947,946,15,478,197,988,959,984,110,967,425,103;210338,235856,232150;20;s


----------------------------------------------------------------------------------------------------------------------------------------------------------------

Regular TFF Alliance Quicklist
Last updated: Fri 29 May 09:33:42 UTC 2020

d;m;t;r;;;;;;;;;;948,1080,1099,894;240662,189820,251510,226209,160776,88114,224407,216482,234431,242494,77410,254682,227211,241829;;;;;959,96,34,1098,538,103,944,461,947;;20;e



